name	rpin	rpout	rpin-rpout realin	realout	realboseqin	realboseqout	realboseqother	posin	posout	posboseqother
bigmatrix_0_0_0_0	0.00000	0.00000	0.00000	0	0	0	0	0	191452	3315716	1931
bigmatrix_0_0_1_1	0.00001	0.00000	0.00001	29	10	0	0	0	191452	3315716	1931
bigmatrix_0_0_2_2	0.00001	0.00001	-0.00000	33	39	0	2	0	191452	3315716	1931
bigmatrix_0_0_3_3	0.00001	0.00003	-0.00002	33	98	0	13	0	191452	3315716	1931
bigmatrix_0_1_0_1	0.00001	0.00000	0.00000	29	12	1	4	1	191452	3315716	1931
bigmatrix_0_1_1_2	0.00002	0.00001	0.00001	58	22	1	4	1	191452	3315716	1931
bigmatrix_0_1_2_3	0.00002	0.00001	0.00000	62	51	1	6	1	191452	3315716	1931
bigmatrix_0_1_3_4	0.00002	0.00003	-0.00001	62	110	1	17	1	191452	3315716	1931
bigmatrix_0_2_0_2	0.00001	0.00001	-0.00000	33	41	1	6	1	191452	3315716	1931
bigmatrix_0_2_1_3	0.00002	0.00001	0.00000	62	51	1	6	1	191452	3315716	1931
bigmatrix_0_2_2_4	0.00002	0.00002	-0.00000	66	80	1	8	1	191452	3315716	1931
bigmatrix_0_2_3_5	0.00002	0.00004	-0.00002	66	139	1	19	1	191452	3315716	1931
bigmatrix_0_3_0_3	0.00001	0.00003	-0.00002	33	92	1	8	1	191452	3315716	1931
bigmatrix_0_3_1_4	0.00002	0.00003	-0.00001	62	102	1	8	1	191452	3315716	1931
bigmatrix_0_3_2_5	0.00002	0.00004	-0.00002	66	131	1	10	1	191452	3315716	1931
bigmatrix_0_3_3_6	0.00002	0.00005	-0.00004	66	190	1	21	1	191452	3315716	1931
bigmatrix_1_0_0_1	0.00028	0.00002	0.00025	974	82	14	24	17	191452	3315716	1931
bigmatrix_1_0_1_2	0.00032	0.00007	0.00025	1122	246	14	43	17	191452	3315716	1931
bigmatrix_1_0_2_3	0.00033	0.00015	0.00018	1155	540	14	53	17	191452	3315716	1931
bigmatrix_1_0_3_4	0.00034	0.00028	0.00006	1180	974	15	79	18	191452	3315716	1931
bigmatrix_1_1_0_2	0.00034	0.00009	0.00025	1192	312	16	58	19	191452	3315716	1931
bigmatrix_1_1_1_3	0.00093	0.00043	0.00050	3257	1492	23	125	28	191452	3315716	1931
bigmatrix_1_1_2_4	0.00104	0.00083	0.00021	3636	2903	24	226	29	191452	3315716	1931
bigmatrix_1_1_3_5	0.00107	0.00135	-0.00028	3766	4749	26	321	31	191452	3315716	1931
bigmatrix_1_2_0_3	0.00035	0.00022	0.00014	1235	760	17	82	20	191452	3315716	1931
bigmatrix_1_2_1_4	0.00101	0.00087	0.00014	3542	3054	26	210	31	191452	3315716	1931
bigmatrix_1_2_2_5	0.00239	0.00264	-0.00025	8376	9251	33	501	46	191452	3315716	1931
bigmatrix_1_2_3_6	0.00270	0.00429	-0.00159	9475	15049	37	771	50	191452	3315716	1931
bigmatrix_1_3_0_4	0.00036	0.00043	-0.00007	1268	1524	17	132	20	191452	3315716	1931
bigmatrix_1_3_1_5	0.00105	0.00144	-0.00039	3665	5034	29	406	34	191452	3315716	1931
bigmatrix_1_3_2_6	0.00270	0.00426	-0.00156	9479	14956	37	1014	50	191452	3315716	1931
bigmatrix_1_3_3_7	0.00620	0.00948	-0.00329	21732	33259	48	1604	61	191452	3315716	1931
bigmatrix_2_0_0_2	0.00141	0.00021	0.00120	4928	736	33	79	32	191452	3315716	1931
bigmatrix_2_0_1_3	0.00155	0.00054	0.00102	5446	1877	34	174	33	191452	3315716	1931
bigmatrix_2_0_2_4	0.00159	0.00099	0.00060	5587	3479	35	244	34	191452	3315716	1931
bigmatrix_2_0_3_5	0.00162	0.00155	0.00006	5668	5453	38	323	37	191452	3315716	1931
bigmatrix_2_1_0_3	0.00169	0.00071	0.00098	5920	2488	40	239	41	191452	3315716	1931
bigmatrix_2_1_1_4	0.00306	0.00276	0.00029	10717	9692	55	547	48	191452	3315716	1931
bigmatrix_2_1_2_5	0.00338	0.00454	-0.00116	11843	15921	62	877	51	191452	3315716	1931
bigmatrix_2_1_3_6	0.00347	0.00647	-0.00300	12164	22693	67	1152	57	191452	3315716	1931
bigmatrix_2_2_0_4	0.00175	0.00160	0.00015	6141	5606	45	497	46	191452	3315716	1931
bigmatrix_2_2_1_5	0.00334	0.00500	-0.00166	11720	17525	69	1120	58	191452	3315716	1931
bigmatrix_2_2_2_6	0.00651	0.01079	-0.00428	22845	37856	87	1877	80	191452	3315716	1931
bigmatrix_2_2_3_7	0.00700	0.01576	-0.00876	24542	55263	104	2582	98	191452	3315716	1931
bigmatrix_2_3_0_5	0.00180	0.00284	-0.00104	6325	9970	51	882	52	191452	3315716	1931
bigmatrix_2_3_1_6	0.00349	0.00786	-0.00437	12228	27556	86	2039	75	191452	3315716	1931
bigmatrix_2_3_2_7	0.00702	0.01718	-0.01016	24632	60249	112	3521	107	191452	3315716	1931
bigmatrix_2_3_3_8	0.00949	0.02815	-0.01866	33277	98735	145	5188	148	191452	3315716	1931
bigmatrix_3_0_0_3	0.00396	0.00140	0.00256	13878	4910	50	255	43	191452	3315716	1931
bigmatrix_3_0_1_4	0.00440	0.00272	0.00168	15445	9554	61	506	46	191452	3315716	1931
bigmatrix_3_0_2_5	0.00451	0.00430	0.00021	15810	15081	64	787	50	191452	3315716	1931
bigmatrix_3_0_3_6	0.00459	0.00609	-0.00150	16100	21358	71	1044	58	191452	3315716	1931
bigmatrix_3_1_0_4	0.00458	0.00358	0.00100	16047	12553	78	843	65	191452	3315716	1931
bigmatrix_3_1_1_5	0.00736	0.00950	-0.00214	25797	33313	106	1556	95	191452	3315716	1931
bigmatrix_3_1_2_6	0.00788	0.01451	-0.00663	27630	50891	122	2442	110	191452	3315716	1931
bigmatrix_3_1_3_7	0.00813	0.01989	-0.01176	28502	69744	138	3245	127	191452	3315716	1931
bigmatrix_3_2_0_5	0.00478	0.00706	-0.00228	16756	24756	96	1848	83	191452	3315716	1931
bigmatrix_3_2_1_6	0.00793	0.01689	-0.00896	27811	59238	136	3395	127	191452	3315716	1931
bigmatrix_3_2_2_7	0.00994	0.02920	-0.01926	34878	102420	176	5604	171	191452	3315716	1931
bigmatrix_3_2_3_8	0.01069	0.04216	-0.03146	37505	147850	214	7483	206	191452	3315716	1931
bigmatrix_3_3_0_6	0.00497	0.01137	-0.00641	17415	39890	114	3047	101	191452	3315716	1931
bigmatrix_3_3_1_7	0.00835	0.02589	-0.01754	29274	90791	171	6021	162	191452	3315716	1931
bigmatrix_3_3_2_8	0.01093	0.04750	-0.03658	38317	166594	236	10086	226	191452	3315716	1931
bigmatrix_3_3_3_9	0.01340	0.07541	-0.06201	46986	264476	304	14140	299	191452	3315716	1931
bigmatrix_4_0_0_4	0.00643	0.00547	0.00097	22566	19181	70	630	77	191452	3315716	1931
bigmatrix_5_0_0_5	0.00785	0.01189	-0.00403	27546	41694	86	1531	96	191452	3315716	1931
bigmatrix_6_0_0_6	0.00966	0.02454	-0.01488	33870	86065	118	3557	139	191452	3315716	1931
bigmatrix_7_0_0_7	0.01186	0.04883	-0.03697	41608	171260	152	6769	169	191452	3315716	1931
