antigen	number_of_sequences	possible_inlinks	real_inlinks	possible_outlinks	real_outlinks	number_of_boseq	inlinks_of_boseq	outlinks_of_boseq	possibe_boseq_links_to_other_antigens	real_boseq_links_to_other_antigens
AAGIGILTV	2	2	0	2714	302	2	0	302	6	2
EEYLQAFTY	1	0	0	1358	385	1	0	374	20	11
LPEPLPQGQLTGY	1	0	0	1358	209	1	0	209	4	2
RYPLTFGWCF	1	0	0	1358	190	1	0	190	0	0
ELAGIGALTV	1	0	0	1358	3	1	0	3	4	2
ELAAIGILTV	1	0	0	1358	3	1	0	3	4	2
RYPLTLGWCF	1	0	0	1358	190	1	0	190	0	0
EEYLKAWTF	1	0	0	1358	385	1	0	374	20	11
FLKEQGGL	4	12	18	5420	10	4	18	22	144	10
LPEPLGQGQLTAY	1	0	0	1358	209	1	0	209	4	2
LLFGYPVAV	1	0	0	1358	68	1	0	68	2	2
LLFGKPVYV	1	0	0	1358	68	1	0	68	2	2
PKYVKQNTLKLAR	1	0	0	1358	82	1	0	82	55	6
LLFGFPVYV	1	0	0	1358	68	1	0	68	2	2
FLKETGGL	4	12	18	5420	10	4	18	22	144	10
LPEPLPQGQLGAY	1	0	0	1358	209	1	0	209	4	2
LLFGYAVYV	1	0	0	1358	68	1	0	68	2	2
HPVGDADYFEY	1	0	0	1358	240	1	0	240	12	10
LPEGLPQGQLTAY	1	0	0	1358	209	1	0	209	4	2
EENLLDFVRF	2	2	0	2714	112	2	0	112	0	0
SLLMWITQV	1	0	0	1358	187	1	0	187	1	2
MLWGYLQYV	1	0	0	1358	68	1	0	68	2	2
EAAGIGILTV	1	0	0	1358	78	1	0	78	4	2
GELIGTLNAAKVPAD	1	0	0	1358	70	1	0	70	1	0
HPVGQADYFEY	1	0	0	1358	240	1	0	240	12	10
LLFGPVYV	1	0	0	1358	68	1	0	68	2	2
LPEPLPQAQLTAY	1	0	0	1358	209	1	0	209	4	2
LPEPLPQGQGTAY	1	0	0	1358	209	1	0	209	4	2
PKYVKQNTLKLRT	4	12	8	5420	577	4	8	636	208	41
LPEPLPQGGLTAY	1	0	0	1358	209	1	0	209	4	2
FLKEMGGL	4	12	18	5420	10	4	18	22	144	10
LLFGYPRYV	1	0	0	1358	68	1	0	68	2	2
GPEPLPQGQLTAY	1	0	0	1358	209	1	0	209	4	2
LGYGFVNYI	1	0	0	1358	68	1	0	68	2	2
ELAGIGILTV	5	20	8	6770	571	4	6	377	0	0
QPLALEGSLQKRG	1	0	0	1358	112	0	0	0	0	0
APQPELPYPQPG	1	0	0	1358	268	0	0	0	0	0
KIFGSLAFL	1	0	0	1358	1	0	0	0	0	0
RFPLTFGWCF	1	0	0	1358	298	0	0	0	0	0
ILAKFLHWL	1	0	0	1358	262	0	0	0	0	0
ALGIGILTV	1	0	0	1358	314	0	0	0	0	0
GELIGILNAAKVPAD	2	2	0	2714	350	1	0	70	0	0
VMAPRTLIL	1	0	0	1358	275	0	0	0	0	0
QPFPQPELPYP	1	0	0	1358	144	0	0	0	0	0
VHFFKNIVTPRTPG	1	0	0	1358	107	0	0	0	0	0
TAFTIPSI	1	0	0	1358	297	0	0	0	0	0
LQPLALEGSLQKRG	1	0	0	1358	115	0	0	0	0	0
SLLMWITQC	2	2	4	2714	392	1	2	185	0	0
ALWGPDPAAA	1	0	0	1358	20	0	0	0	0	0
EDVPSGKLFMHVTLG	1	0	0	1358	204	0	0	0	0	0
LLFGYPVYV	3	6	4	4068	283	1	2	66	0	0
APQPELPYPQPGS	2	2	4	2714	321	0	0	0	0	0
SGEGSFQPSQENP	2	2	2	2714	330	0	0	0	0	0
PSGEGSFQPSQENPQ	2	2	0	2714	258	0	0	0	0	0
CVETMCNEY	2	2	0	2714	232	0	0	0	0	0
CPSQEPMSIYVY	2	2	4	2714	387	0	0	0	0	0
LSEFCRVLCCYVLEE	2	2	0	2714	191	0	0	0	0	0
DEEDAIAAY	2	2	0	2714	354	0	0	0	0	0
QASQEVKNW	4	12	2	5420	667	1	0	173	9	5
YILEETSVM	3	6	0	4068	40	0	0	0	0	0
ARNLVPMVATVQGQN	3	6	0	4068	211	0	0	0	0	0
LPEPLPQGQLTAY	5	20	8	6770	1038	1	2	207	0	0
RMFPNAPYL	5	20	4	6770	534	0	0	0	0	0
ELKRKMIYM	5	20	6	6770	915	0	0	0	0	0
TQGYFPDWQNY	6	30	28	8118	481	0	0	0	0	0
VLEETSVML	8	56	14	10808	475	1	5	28	90	1
ISPRTLNAW	10	90	22	13490	1822	2	9	432	170	30
ELRRKMMYM	8	56	12	10808	706	0	0	0	0	0
KRWIIMGLNK	9	72	32	12150	760	1	2	123	85	17
YSEHPTFTSQY	9	72	16	12150	1284	0	0	0	0	0
FLRGRAYGL	12	132	98	16164	2701	3	36	1083	167	35
GPGMKARVL	9	72	66	12150	2055	0	0	0	0	0
GILGFVFTL	10	90	72	13490	2081	1	8	267	55	17
RLRPGGKKK	9	72	18	12150	1376	0	0	0	0	0
FPTKDVAL	10	90	20	13490	809	0	0	0	0	0
ILKEPVHGV	10	90	42	13490	1783	0	0	0	0	0
HPVGEADYFEY	13	156	66	17498	2265	2	20	517	85	25
IVTDFSVIK	12	132	32	16164	786	0	0	0	0	0
AVFDRKSDAK	12	132	62	16164	1564	0	0	0	0	0
YPLHEQHGM	12	132	12	16164	1448	0	0	0	0	0
VSFIEFVGW	13	156	26	17498	1796	0	0	0	0	0
ELAGIGLTV	13	156	96	17498	2327	0	0	0	0	0
RPPIFIRRL	15	210	52	20160	2140	1	8	174	90	16
QVPLRPMTYK	14	182	6	18830	1163	0	0	0	0	0
GLNKIVRMY	14	182	26	18830	1873	0	0	0	0	0
HSKKKCDEL	15	210	22	20160	1024	0	0	0	0	0
QIKVRVDMV	15	210	106	20160	2061	0	0	0	0	0
EPLPQGQLTAY	16	240	104	21488	1791	0	0	0	0	0
RPRGEVRFL	16	240	62	21488	1581	0	0	0	0	0
IIKDYGKQM	19	342	116	25460	2165	1	6	275	27	7
EIYKRWII	19	342	82	25460	2558	0	0	0	0	0
SLYNTVATL	19	342	80	25460	1699	0	0	0	0	0
KAFSPEVIPMF	22	462	274	29414	3302	0	0	0	0	0
LPPIVAKEI	22	462	298	29414	4217	0	0	0	0	0
TPGPGVRYPL	23	506	114	30728	2602	0	0	0	0	0
TPQDLNTML	23	506	122	30728	2926	0	0	0	0	0
HPKVSSEVHI	28	756	190	37268	3014	1	7	274	18	6
IPSINVHHY	28	756	124	37268	3661	0	0	0	0	0
KLVALGINAV	33	1056	500	43758	6453	1	24	387	90	36
GPGHKARVL	36	1260	190	47628	4326	0	0	0	0	0
FLKEKGGL	40	1560	128	52760	3036	4	28	0	0	0
YVLDHLIVV	36	1260	142	47628	3359	0	0	0	0	0
FPRPWLHGL	45	1980	674	59130	5135	0	0	0	0	0
TPRVTGGGAM	50	2450	274	65450	5201	1	2	33	90	12
PKYVKQNTLKLAT	56	3080	506	72968	7573	6	72	902	9	8
ATDALMTGY	66	4290	846	85338	6116	0	0	0	0	0
KRWIILGLNK	86	7310	1644	109478	12693	2	42	365	20	12
RAKFKQLL	91	8190	1078	115388	10218	4	65	620	102	39
GLCTLVAML	106	11130	1904	132818	9080	0	0	0	0	0
NLVPMVATV	168	28056	3578	200088	16026	4	89	612	20	18
