antigen	number_of_sequences	possible_inlinks	real_inlinks	possible_outlinks	real_outlinks	number_of_boseq	inlinks_of_boseq	outlinks_of_boseq	possibe_boseq_links_to_other_antigens	real_boseq_links_to_other_antigens
AAGIGILTV	2	2	0	2714	404	2	0	404	6	2
EEYLQAFTY	1	0	0	1358	483	1	0	469	20	14
LPEPLPQGQLTGY	1	0	0	1358	268	1	0	268	4	4
RYPLTFGWCF	1	0	0	1358	276	1	0	276	0	0
ELAGIGALTV	1	0	0	1358	9	1	0	9	4	2
ELAAIGILTV	1	0	0	1358	9	1	0	9	4	2
RYPLTLGWCF	1	0	0	1358	276	1	0	276	0	0
EEYLKAWTF	1	0	0	1358	483	1	0	469	20	14
FLKEQGGL	4	12	20	5420	15	4	20	36	144	15
LPEPLGQGQLTAY	1	0	0	1358	268	1	0	268	4	4
LLFGYPVAV	1	0	0	1358	76	1	0	76	2	2
LLFGKPVYV	1	0	0	1358	76	1	0	76	2	2
PKYVKQNTLKLAR	1	0	0	1358	136	1	0	136	55	10
LLFGFPVYV	1	0	0	1358	76	1	0	76	2	2
FLKETGGL	4	12	20	5420	15	4	20	36	144	15
LPEPLPQGQLGAY	1	0	0	1358	268	1	0	268	4	4
LLFGYAVYV	1	0	0	1358	76	1	0	76	2	2
HPVGDADYFEY	1	0	0	1358	323	1	0	323	12	13
LPEGLPQGQLTAY	1	0	0	1358	268	1	0	268	4	4
EENLLDFVRF	2	2	0	2714	184	2	0	184	0	0
SLLMWITQV	1	0	0	1358	250	1	0	250	1	2
MLWGYLQYV	1	0	0	1358	76	1	0	76	2	2
EAAGIGILTV	1	0	0	1358	100	1	0	100	4	2
GELIGTLNAAKVPAD	1	0	0	1358	136	1	0	136	1	0
HPVGQADYFEY	1	0	0	1358	323	1	0	323	12	13
LLFGPVYV	1	0	0	1358	76	1	0	76	2	2
LPEPLPQAQLTAY	1	0	0	1358	268	1	0	268	4	4
LPEPLPQGQGTAY	1	0	0	1358	268	1	0	268	4	4
PKYVKQNTLKLRT	4	12	8	5420	786	4	8	870	208	57
LPEPLPQGGLTAY	1	0	0	1358	268	1	0	268	4	4
FLKEMGGL	4	12	20	5420	15	4	20	36	144	15
LLFGYPRYV	1	0	0	1358	76	1	0	76	2	2
GPEPLPQGQLTAY	1	0	0	1358	268	1	0	268	4	4
LGYGFVNYI	1	0	0	1358	76	1	0	76	2	2
ELAGIGILTV	5	20	8	6770	765	4	6	507	0	0
QPLALEGSLQKRG	1	0	0	1358	133	0	0	0	0	0
APQPELPYPQPG	1	0	0	1358	340	0	0	0	0	0
KIFGSLAFL	1	0	0	1358	3	0	0	0	0	0
RFPLTFGWCF	1	0	0	1358	366	0	0	0	0	0
ILAKFLHWL	1	0	0	1358	333	0	0	0	0	0
ALGIGILTV	1	0	0	1358	407	0	0	0	0	0
GELIGILNAAKVPAD	2	2	0	2714	475	1	0	136	0	0
VMAPRTLIL	1	0	0	1358	337	0	0	0	0	0
QPFPQPELPYP	1	0	0	1358	223	0	0	0	0	0
VHFFKNIVTPRTPG	1	0	0	1358	129	0	0	0	0	0
TAFTIPSI	1	0	0	1358	397	0	0	0	0	0
LQPLALEGSLQKRG	1	0	0	1358	171	0	0	0	0	0
SLLMWITQC	2	2	4	2714	531	1	2	248	0	0
ALWGPDPAAA	1	0	0	1358	26	0	0	0	0	0
EDVPSGKLFMHVTLG	1	0	0	1358	215	0	0	0	0	0
LLFGYPVYV	3	6	4	4068	339	1	2	74	0	0
APQPELPYPQPGS	2	2	4	2714	448	0	0	0	0	0
SGEGSFQPSQENP	2	2	2	2714	447	0	0	0	0	0
PSGEGSFQPSQENPQ	2	2	0	2714	323	0	0	0	0	0
CVETMCNEY	2	2	0	2714	287	0	0	0	0	0
CPSQEPMSIYVY	2	2	4	2714	500	0	0	0	0	0
LSEFCRVLCCYVLEE	2	2	0	2714	279	0	0	0	0	0
DEEDAIAAY	2	2	0	2714	413	0	0	0	0	0
QASQEVKNW	4	12	4	5420	807	1	0	216	9	6
YILEETSVM	3	6	0	4068	52	0	0	0	0	0
ARNLVPMVATVQGQN	3	6	0	4068	306	0	0	0	0	0
LPEPLPQGQLTAY	5	20	12	6770	1287	1	4	264	0	0
RMFPNAPYL	5	20	6	6770	782	0	0	0	0	0
ELKRKMIYM	5	20	10	6770	1179	0	0	0	0	0
TQGYFPDWQNY	6	30	28	8118	783	0	0	0	0	0
VLEETSVML	8	56	14	10808	656	1	5	31	90	1
ISPRTLNAW	10	90	26	13490	2279	2	10	538	170	39
ELRRKMMYM	8	56	12	10808	878	0	0	0	0	0
KRWIIMGLNK	9	72	32	12150	1173	1	2	171	85	31
YSEHPTFTSQY	9	72	22	12150	1659	0	0	0	0	0
FLRGRAYGL	12	132	130	16164	3454	3	43	1358	167	54
GPGMKARVL	9	72	66	12150	2710	0	0	0	0	0
GILGFVFTL	10	90	78	13490	2743	1	10	334	55	25
RLRPGGKKK	9	72	34	12150	1822	0	0	0	0	0
FPTKDVAL	10	90	24	13490	1127	0	0	0	0	0
ILKEPVHGV	10	90	66	13490	2228	0	0	0	0	0
HPVGEADYFEY	13	156	96	17498	2993	2	26	684	85	36
IVTDFSVIK	12	132	44	16164	1094	0	0	0	0	0
AVFDRKSDAK	12	132	72	16164	2365	0	0	0	0	0
YPLHEQHGM	12	132	16	16164	1936	0	0	0	0	0
VSFIEFVGW	13	156	38	17498	2317	0	0	0	0	0
ELAGIGLTV	13	156	152	17498	3150	0	0	0	0	0
RPPIFIRRL	15	210	76	20160	2910	1	11	269	90	23
QVPLRPMTYK	14	182	10	18830	1547	0	0	0	0	0
GLNKIVRMY	14	182	38	18830	2554	0	0	0	0	0
HSKKKCDEL	15	210	34	20160	1408	0	0	0	0	0
QIKVRVDMV	15	210	120	20160	2724	0	0	0	0	0
EPLPQGQLTAY	16	240	118	21488	2328	0	0	0	0	0
RPRGEVRFL	16	240	76	21488	2182	0	0	0	0	0
IIKDYGKQM	19	342	132	25460	2936	1	8	342	27	13
EIYKRWII	19	342	112	25460	3391	0	0	0	0	0
SLYNTVATL	19	342	92	25460	2190	0	0	0	0	0
KAFSPEVIPMF	22	462	320	29414	4591	0	0	0	0	0
LPPIVAKEI	22	462	372	29414	5682	0	0	0	0	0
TPGPGVRYPL	23	506	158	30728	3532	0	0	0	0	0
TPQDLNTML	23	506	170	30728	3716	0	0	0	0	0
HPKVSSEVHI	28	756	248	37268	4034	1	13	337	18	8
IPSINVHHY	28	756	160	37268	4840	0	0	0	0	0
KLVALGINAV	33	1056	652	43758	7714	1	31	455	90	46
GPGHKARVL	36	1260	300	47628	6177	0	0	0	0	0
FLKEKGGL	40	1560	180	52760	3940	4	35	0	0	0
YVLDHLIVV	36	1260	228	47628	4562	0	0	0	0	0
FPRPWLHGL	45	1980	870	59130	6913	0	0	0	0	0
TPRVTGGGAM	50	2450	408	65450	6975	1	3	66	90	19
PKYVKQNTLKLAT	56	3080	786	72968	10155	6	100	1214	9	10
ATDALMTGY	66	4290	1030	85338	8313	0	0	0	0	0
KRWIILGLNK	86	7310	2448	109478	16474	2	67	470	20	15
RAKFKQLL	91	8190	1686	115388	13632	4	89	812	102	50
GLCTLVAML	106	11130	2534	132818	12469	0	0	0	0	0
NLVPMVATV	168	28056	5116	200088	21610	4	123	712	20	19
